3892
8559
23251
23288
23333
23787
23897
24129
24200
24521
58187
63390
72835
76130
87317
104162
104974
108081
113976
120743
120978
121122
125022
130672
158278
161647
161872
162489
163570
165898
167619
168630
169462
178755
182836
182907
184298
188857
202624
218093
223216
224007
235532
235574
248895
255820
285057
285326
292722
293708
297345
305535
317409
317905
318390
318424
321306
329594
334038
334405
334438
351004
360510
223915
12516
13786
16527
20175
27600
31142
34900
46708
58402
64532
72642
73479
88706
89234
94575
106741
106852
107001
107096
108548
112648
123844
124077
134098
138173
150098
-282
1337
2190
4541
7582
10
561
2313
4322
5656
-829
407
1484
2892
6332
11840
12805
13426
13778
4793
2119
7396
16717
22661
26229
29145
31118
33799
42145
48989
51316
53944
1748
2651
17324
22756
-857
3998
1728
6168
10268
11255
12005
17220
624
8460
6569
8298
11085
18534
21643
25377
30792
48000
48021
261
8663
18559
22574
25517
29890
32178
35114
38130
40566
43305
45558
47983
49077
53033
61344
71738
72723
74686
75760
76763
76826
93215
102581
124554
126099
130837
132015
140479
147422
149167
151153
154288
155790
156761
159097
159559
161620
167114
182657
186313
186356
193969
196095
196141
199940
202018
212176
214217
224155
226193
228723
229681
237199
237666
239408
243443
243577
252924
253774
253795
253840
261419
267861
273865
283899
285402
5092
18300
29407
31446
32013
35956
1514
7023
7762
16314
4008
