3803
4154
5247
5804
5860
7144
-820
6269
12607
1523
1911
4478
6896
7720
9410
14117
15071
15579
17017
22268
23384
23985
26270
43979
44814
49634
59978
62688
67545
67576
67599
68241
72960
73567
74303
83257
92867
93462
97324
107549
110568
111103
124165
129994
131101
134318
142849
155458
156499
157449
158821
159881
173089
186524
201189
201576
201722
203679
206364
212411
219894
228663
239835
250825
253205
258294
258438
266601
271791
273913
279293
304126
306485
308686
310811
313778
315909
317899
323976
341948
345637
346946
352520
355061
356970
358187
358694
363995
364062
372629
376186
376548
377861
378292
378375
378610
378769
378893
380820
381779
388835
399817
404449
406578
408998
421251
421286
421345
421632
422126
422251
422376
422428
422587
422755
422852
434063
439957
442261
442924
449573
470729
472158
479296
482892
483619
489919
491017
495809
496436
497676
503952
517296
519708
519858
526383
531086
534120
544721
546095
546241
551986
552034
552281
556329
562104
584397
587281
594190
597432
600375
605768
607356
615246
625252
629913
639391
645770
652831
655105
657355
658243
665858
667400
667792
669341
681137
681159
686231
692729
699485
704618
704734
708981
712629
737816
737981
738019
738509
742299
745691
745722
747945
751324
752552
754614
754717
754844
763008
763463
763501
767129
772686
774958
786645
795440
795990
798421
799497
803318
805701
809474
809703
814766
816789
817368
821878
825846
839167
840455
842617
847466
850530
866418
868579
872108
876464
881592
884658
889569
895076
897796
909328
912311
922615
928912
928999
929163
929230
929328
929455
929691
929813
930025
930047
930085
934602
941397
942918
948321
949302
955372
955391
966270
966474
970709
976862
979319
979482
13139
20751
22579
23138
24806
31657
34648
36915
37348
40282
45704
45733
54157
54346
54849
55999
59489
59778
61422
63977
64478
68622
70103
73578
75492
75635
76286
80833
81474
86011
92302
54
3914
4057
7141
11129
13352
19206
19261
19575
22532
23945
32094
-83
82
3475
7627
7973
11916
12696
16021
20037
21201
21677
23252
25377
27260
27463
30626
38014
39374
40465
40753
43467
43878
53835
54318
54647
54818
57770
59252
61207
62312
66489
68074
70231
76775
77916
81492
83181
4901
2259
6543
2300
2512
4550
7294
20033
26540
33958
35197
50170
51419
59735
60205
62373
65926
67109
68594
68857
68892
69987
71357
74030
74688
79764
97010
97261
103581
104869
105641
119753
123699
126176
131199
137875
138562
142397
143127
144863
153003
154512
155354
162898
414
4761
4811
4838
5009
9274
4159
5500
5933
8063
8881
9087
11486
18558
19253
22828
25190
25886
27934
29735
29926
38225
42561
46083
53589
53778
64893
66071
69575
69649
74686
80902
83904
85272
86719
89817
110004
368
15961
18010
18929
19269
23228
-324
836
3538
4224
9205
9287
10048
12775
15486
16623
19605
24620
25395
31071
34969
37543
-296
10081
13097
16868
17553
25433
34188
40710
47688
51137
51177
71269
72175
79377
81271
86934
94312
100339
102014
110548
119148
127455
127490
4355
8799
16849
17924
24564
24622
26022
26060
40707
43274
44976
49428
52197
52967
54531
55565
59084
91092
102055
102146
103086
107695
112287
115317
115389
-472
1161
1475
4174
5892
11487
